# unix_time, cycles_done, cur_path, paths_total, pending_total, pending_favs, map_size, unique_crashes, unique_hangs, max_depth, execs_per_sec
1588986658, 0, 0, 1, 1, 1, 0.02%, 0, 0, 1, 1333.33
1588986663, 66, 0, 1, 0, 0, 0.02%, 0, 0, 1, 3106.91
1588986668, 135, 0, 1, 0, 0, 0.02%, 0, 0, 1, 3413.48
1588986673, 206, 0, 1, 0, 0, 0.02%, 0, 0, 1, 3538.74
1588986679, 276, 0, 1, 0, 0, 0.02%, 0, 0, 1, 3560.29
1588986684, 348, 0, 1, 0, 0, 0.02%, 0, 0, 1, 3667.31
1588986689, 422, 0, 1, 0, 0, 0.02%, 0, 0, 1, 3773.18
1588986694, 498, 0, 1, 0, 0, 0.02%, 0, 0, 1, 3766.95
1588986699, 574, 0, 1, 0, 0, 0.02%, 0, 0, 1, 3764.73
1588986704, 649, 0, 1, 0, 0, 0.02%, 0, 0, 1, 3752.19
1588986709, 724, 0, 1, 0, 0, 0.02%, 0, 0, 1, 3801.09
1588986714, 801, 0, 1, 0, 0, 0.02%, 0, 0, 1, 3870.43
1588986719, 877, 0, 1, 0, 0, 0.02%, 0, 0, 1, 3880.90
1588986724, 955, 0, 1, 0, 0, 0.02%, 0, 0, 1, 3947.84
1588986729, 1032, 0, 1, 0, 0, 0.02%, 0, 0, 1, 3761.33
1588986734, 1108, 0, 1, 0, 0, 0.02%, 0, 0, 1, 3862.98
1588986740, 1188, 0, 1, 0, 0, 0.02%, 0, 0, 1, 3856.97
1588986745, 1264, 0, 1, 0, 0, 0.02%, 0, 0, 1, 3848.99
1588986750, 1343, 0, 1, 0, 0, 0.02%, 0, 0, 1, 3904.42
1588986755, 1423, 0, 1, 0, 0, 0.02%, 0, 0, 1, 4001.53
1588986760, 1501, 0, 1, 0, 0, 0.02%, 0, 0, 1, 3973.48
1588986765, 1580, 0, 1, 0, 0, 0.02%, 0, 0, 1, 3992.55
1588986770, 1659, 0, 1, 0, 0, 0.02%, 0, 0, 1, 3925.02
1588986775, 1737, 0, 1, 0, 0, 0.02%, 0, 0, 1, 3929.14
1588986780, 1814, 0, 1, 0, 0, 0.02%, 0, 0, 1, 3874.48
1588986786, 1894, 0, 1, 0, 0, 0.02%, 0, 0, 1, 3967.15
1588986791, 1976, 0, 1, 0, 0, 0.02%, 0, 0, 1, 4129.70
1588986796, 2054, 0, 1, 0, 0, 0.02%, 0, 0, 1, 3982.33
1588986801, 2134, 0, 1, 0, 0, 0.02%, 0, 0, 1, 3918.94
1588986806, 2210, 0, 1, 0, 0, 0.02%, 0, 0, 1, 3894.23
